

number of voles	|	days
-----------------------------------
65		|	0 - 25
65		|	25 - 50
458		|	50 - 75
458		|	75 - 100
458		|	100 - 125
1050		|	125 - 150
1053		|	150 - 175
1053		|	175 - 200
1717		|	200 - 225
1720		|	225 - 250
1720		|	250 - 275
2329		|	275 - 300
996		|	300 - 325
410		|	325 - 350
185		|	350 - 375
79		|	375 - 400
79		|	400 - 425
462		|	425 - 450
472		|	450 - 475
472		|	475 - 500
1059		|	500 - 525
1072		|	525 - 550
1072		|	550 - 575
1771		|	575 - 600
1779		|	600 - 625
1781		|	625 - 650
2391		|	650 - 675
1015		|	675 - 700
453		|	700 - 725
201		|	725 - 750
201		|	750 - 775
999		|	775 - 800
1019		|	800 - 825
1019		|	825 - 850
1878		|	850 - 875
1894		|	875 - 900
1894		|	900 - 925
2576		|	925 - 950
2590		|	950 - 975
2590		|	975 - 1000
3063		|	1000 - 1025
1344		|	1025 - 1050
602		|	1050 - 1075
258		|	1075 - 1100
258		|	1100 - 1125
1361		|	1125 - 1150
1361		|	1150 - 1175
1361		|	1175 - 1200
2446		|	1200 - 1225
2451		|	1225 - 1250
2452		|	1250 - 1275
3140		|	1275 - 1300
3144		|	1300 - 1325
3144		|	1325 - 1350
3457		|	1350 - 1375
3463		|	1375 - 1400
3463		|	1400 - 1425
3581		|	1425 - 1450
3581		|	1450 - 1475
3581		|	1475 - 1500
3598		|	1500 - 1525
3598		|	1525 - 1550
3598		|	1550 - 1575
3599		|	1575 - 1600
3599		|	1600 - 1625
3599		|	1625 - 1650
3599		|	1650 - 1675
3599		|	1675 - 1700
3599		|	1700 - 1725
1555		|	1725 - 1750
643		|	1750 - 1775
278		|	1775 - 1800
122		|	1800 - 1825
122		|	1825 - 1850
791		|	1850 - 1875
799		|	1875 - 1900
799		|	1900 - 1925
1703		|	1925 - 1950
1715		|	1950 - 1975
1715		|	1975 - 2000
2489		|	2000 - 2025
2510		|	2025 - 2050
2510		|	2050 - 2075
3045		|	2075 - 2100
1362		|	2100 - 2125
564		|	2125 - 2150
235		|	2150 - 2175
235		|	2175 - 2200
1350		|	2200 - 2225
1368		|	2225 - 2250
1368		|	2250 - 2275
2397		|	2275 - 2300
2410		|	2300 - 2325
2414		|	2325 - 2350
3062		|	2350 - 2375
3069		|	2375 - 2400
3077		|	2400 - 2425
3402		|	2425 - 2450
1455		|	2450 - 2475
651		|	2475 - 2500
266		|	2500 - 2525
266		|	2525 - 2550
1360		|	2550 - 2575
1360		|	2575 - 2600
1360		|	2600 - 2625
2426		|	2625 - 2650
2430		|	2650 - 2675
2430		|	2675 - 2700
3123		|	2700 - 2725
3133		|	2725 - 2750
3133		|	2750 - 2775
3439		|	2775 - 2800
3443		|	2800 - 2825
3443		|	2825 - 2850
3557		|	2850 - 2875
3557		|	2875 - 2900
3557		|	2900 - 2925
3586		|	2925 - 2950
3586		|	2950 - 2975
3586		|	2975 - 3000
