

number of voles	|	days
-----------------------------------
59		|	0 - 25
38		|	25 - 50
206		|	50 - 75
149		|	75 - 100
123		|	100 - 125
324		|	125 - 150
231		|	150 - 175
246		|	175 - 200
390		|	200 - 225
346		|	225 - 250
394		|	250 - 275
563		|	275 - 300
281		|	300 - 325
79		|	325 - 350
24		|	350 - 375
8		|	375 - 400
7		|	400 - 425
42		|	425 - 450
32		|	450 - 475
33		|	475 - 500
70		|	500 - 525
46		|	525 - 550
58		|	550 - 575
84		|	575 - 600
74		|	600 - 625
96		|	625 - 650
134		|	650 - 675
58		|	675 - 700
21		|	700 - 725
6		|	725 - 750
4		|	750 - 775
2		|	775 - 800
1		|	800 - 825
0		|	825 - 850
0		|	850 - 875
0		|	875 - 900
0		|	900 - 925
0		|	925 - 950
0		|	950 - 975
0		|	975 - 1000
0		|	1000 - 1025
0		|	1025 - 1050
0		|	1050 - 1075
0		|	1075 - 1100
0		|	1100 - 1125
0		|	1125 - 1150
0		|	1150 - 1175
0		|	1175 - 1200
0		|	1200 - 1225
0		|	1225 - 1250
0		|	1250 - 1275
0		|	1275 - 1300
0		|	1300 - 1325
0		|	1325 - 1350
0		|	1350 - 1375
0		|	1375 - 1400
0		|	1400 - 1425
0		|	1425 - 1450
0		|	1450 - 1475
0		|	1475 - 1500
