

number of voles	|	days
-----------------------------------
74		|	0 - 25
74		|	25 - 50
466		|	50 - 75
466		|	75 - 100
466		|	100 - 125
1018		|	125 - 150
1018		|	150 - 175
1018		|	175 - 200
1600		|	200 - 225
1607		|	225 - 250
1607		|	250 - 275
2233		|	275 - 300
1011		|	300 - 325
404		|	325 - 350
153		|	350 - 375
72		|	375 - 400
72		|	400 - 425
382		|	425 - 450
382		|	450 - 475
382		|	475 - 500
819		|	500 - 525
820		|	525 - 550
820		|	550 - 575
1387		|	575 - 600
1389		|	600 - 625
1389		|	625 - 650
1938		|	650 - 675
813		|	675 - 700
361		|	700 - 725
147		|	725 - 750
147		|	750 - 775
813		|	775 - 800
819		|	800 - 825
819		|	825 - 850
1575		|	850 - 875
1583		|	875 - 900
1583		|	900 - 925
2230		|	925 - 950
2239		|	950 - 975
2239		|	975 - 1000
2718		|	1000 - 1025
1201		|	1025 - 1050
509		|	1050 - 1075
224		|	1075 - 1100
224		|	1100 - 1125
1180		|	1125 - 1150
1180		|	1150 - 1175
1180		|	1175 - 1200
2157		|	1200 - 1225
2157		|	1225 - 1250
2157		|	1250 - 1275
2828		|	1275 - 1300
2833		|	1300 - 1325
2833		|	1325 - 1350
3205		|	1350 - 1375
3212		|	1375 - 1400
3212		|	1400 - 1425
3421		|	1425 - 1450
3422		|	1450 - 1475
3422		|	1475 - 1500
