

number of voles	|	days
-----------------------------------
98		|	0 - 25
98		|	25 - 50
604		|	50 - 75
435		|	75 - 100
402		|	100 - 125
899		|	125 - 150
719		|	150 - 175
753		|	175 - 200
1137		|	200 - 225
993		|	225 - 250
1072		|	250 - 275
1355		|	275 - 300
706		|	300 - 325
235		|	325 - 350
69		|	350 - 375
23		|	375 - 400
17		|	400 - 425
101		|	425 - 450
69		|	450 - 475
72		|	475 - 500
183		|	500 - 525
147		|	525 - 550
145		|	550 - 575
294		|	575 - 600
240		|	600 - 625
270		|	625 - 650
363		|	650 - 675
191		|	675 - 700
63		|	700 - 725
19		|	725 - 750
11		|	750 - 775
48		|	775 - 800
38		|	800 - 825
29		|	825 - 850
91		|	850 - 875
61		|	875 - 900
65		|	900 - 925
143		|	925 - 950
124		|	950 - 975
105		|	975 - 1000
182		|	1000 - 1025
74		|	1025 - 1050
25		|	1050 - 1075
4		|	1075 - 1100
4		|	1100 - 1125
3		|	1125 - 1150
2		|	1150 - 1175
2		|	1175 - 1200
2		|	1200 - 1225
2		|	1225 - 1250
2		|	1250 - 1275
1		|	1275 - 1300
1		|	1300 - 1325
1		|	1325 - 1350
1		|	1350 - 1375
1		|	1375 - 1400
1		|	1400 - 1425
0		|	1425 - 1450
0		|	1450 - 1475
0		|	1475 - 1500
