

number of voles	|	days
-----------------------------------
66		|	0 - 25
66		|	25 - 50
424		|	50 - 75
424		|	75 - 100
424		|	100 - 125
950		|	125 - 150
950		|	150 - 175
337		|	175 - 200
722		|	200 - 225
442		|	225 - 250
318		|	250 - 275
566		|	275 - 300
260		|	300 - 325
68		|	325 - 350
21		|	350 - 375
4		|	375 - 400
4		|	400 - 425
14		|	425 - 450
11		|	450 - 475
8		|	475 - 500
31		|	500 - 525
22		|	525 - 550
24		|	550 - 575
59		|	575 - 600
36		|	600 - 625
51		|	625 - 650
58		|	650 - 675
16		|	675 - 700
3		|	700 - 725
1		|	725 - 750
0		|	750 - 775
0		|	775 - 800
0		|	800 - 825
0		|	825 - 850
0		|	850 - 875
0		|	875 - 900
0		|	900 - 925
0		|	925 - 950
0		|	950 - 975
0		|	975 - 1000
0		|	1000 - 1025
0		|	1025 - 1050
0		|	1050 - 1075
0		|	1075 - 1100
0		|	1100 - 1125
0		|	1125 - 1150
0		|	1150 - 1175
0		|	1175 - 1200
0		|	1200 - 1225
0		|	1225 - 1250
0		|	1250 - 1275
0		|	1275 - 1300
0		|	1300 - 1325
0		|	1325 - 1350
0		|	1350 - 1375
0		|	1375 - 1400
0		|	1400 - 1425
0		|	1425 - 1450
0		|	1450 - 1475
0		|	1475 - 1500
