

number of voles	|	days
-----------------------------------
69		|	0 - 25
69		|	25 - 50
423		|	50 - 75
423		|	75 - 100
423		|	100 - 125
971		|	125 - 150
971		|	150 - 175
688		|	175 - 200
1226		|	200 - 225
1023		|	225 - 250
956		|	250 - 275
1448		|	275 - 300
663		|	300 - 325
185		|	325 - 350
65		|	350 - 375
23		|	375 - 400
14		|	400 - 425
45		|	425 - 450
33		|	450 - 475
30		|	475 - 500
76		|	500 - 525
59		|	525 - 550
68		|	550 - 575
116		|	575 - 600
108		|	600 - 625
123		|	625 - 650
161		|	650 - 675
66		|	675 - 700
20		|	700 - 725
7		|	725 - 750
6		|	750 - 775
26		|	775 - 800
18		|	800 - 825
18		|	825 - 850
43		|	850 - 875
37		|	875 - 900
39		|	900 - 925
66		|	925 - 950
62		|	950 - 975
69		|	975 - 1000
82		|	1000 - 1025
52		|	1025 - 1050
18		|	1050 - 1075
8		|	1075 - 1100
7		|	1100 - 1125
37		|	1125 - 1150
30		|	1150 - 1175
30		|	1175 - 1200
48		|	1200 - 1225
47		|	1225 - 1250
44		|	1250 - 1275
81		|	1275 - 1300
80		|	1300 - 1325
74		|	1325 - 1350
131		|	1350 - 1375
113		|	1375 - 1400
117		|	1400 - 1425
180		|	1425 - 1450
176		|	1450 - 1475
166		|	1475 - 1500
