

number of voles	|	days
-----------------------------------
81		|	0 - 25
81		|	25 - 50
543		|	50 - 75
555		|	75 - 100
555		|	100 - 125
1248		|	125 - 150
1264		|	150 - 175
1264		|	175 - 200
2017		|	200 - 225
2026		|	225 - 250
2026		|	250 - 275
2078		|	275 - 300
1128		|	300 - 325
321		|	325 - 350
99		|	350 - 375
38		|	375 - 400
25		|	400 - 425
203		|	425 - 450
143		|	450 - 475
120		|	475 - 500
332		|	500 - 525
262		|	525 - 550
259		|	550 - 575
449		|	575 - 600
383		|	600 - 625
434		|	625 - 650
643		|	650 - 675
304		|	675 - 700
92		|	700 - 725
37		|	725 - 750
26		|	750 - 775
145		|	775 - 800
110		|	800 - 825
109		|	825 - 850
268		|	850 - 875
225		|	875 - 900
238		|	900 - 925
375		|	925 - 950
342		|	950 - 975
408		|	975 - 1000
510		|	1000 - 1025
268		|	1025 - 1050
102		|	1050 - 1075
28		|	1075 - 1100
19		|	1100 - 1125
99		|	1125 - 1150
77		|	1150 - 1175
74		|	1175 - 1200
173		|	1200 - 1225
150		|	1225 - 1250
158		|	1250 - 1275
261		|	1275 - 1300
234		|	1300 - 1325
254		|	1325 - 1350
343		|	1350 - 1375
317		|	1375 - 1400
345		|	1400 - 1425
457		|	1425 - 1450
423		|	1450 - 1475
507		|	1475 - 1500
