

number of voles	|	days
-----------------------------------
67		|	0 - 25
67		|	25 - 50
488		|	50 - 75
500		|	75 - 100
500		|	100 - 125
1158		|	125 - 150
1177		|	150 - 175
1177		|	175 - 200
1787		|	200 - 225
1815		|	225 - 250
1815		|	250 - 275
849		|	275 - 300
422		|	300 - 325
65		|	325 - 350
8		|	350 - 375
0		|	375 - 400
0		|	400 - 425
0		|	425 - 450
0		|	450 - 475
0		|	475 - 500
0		|	500 - 525
0		|	525 - 550
0		|	550 - 575
0		|	575 - 600
0		|	600 - 625
0		|	625 - 650
0		|	650 - 675
0		|	675 - 700
0		|	700 - 725
0		|	725 - 750
0		|	750 - 775
0		|	775 - 800
0		|	800 - 825
0		|	825 - 850
0		|	850 - 875
0		|	875 - 900
0		|	900 - 925
0		|	925 - 950
0		|	950 - 975
0		|	975 - 1000
0		|	1000 - 1025
0		|	1025 - 1050
0		|	1050 - 1075
0		|	1075 - 1100
0		|	1100 - 1125
0		|	1125 - 1150
0		|	1150 - 1175
0		|	1175 - 1200
0		|	1200 - 1225
0		|	1225 - 1250
0		|	1250 - 1275
0		|	1275 - 1300
0		|	1300 - 1325
0		|	1325 - 1350
0		|	1350 - 1375
0		|	1375 - 1400
0		|	1400 - 1425
0		|	1425 - 1450
0		|	1450 - 1475
0		|	1475 - 1500
